000000000000000000000000000000000000000000000000000000000000000000000000
000000000000000000000000000000000000000000000000000000000000000000000000
000000000000000000000000000000000000000000000000000000000000000000000000
000000000000000000000000000000000000000000000000000000000000000000000000
000000000000000000000000000000000000000000000000000000000000000000000000
000000000000000000000000000000000000000000000000000000000000000000000000
000000000000000000000000000000000000000000000000000000000000000000000000
000000000000000000000000000000000000000000000000000000000000000000000000
000000000000000000000000000000000000000000000000000000000000000000000000
000000000000000000000000000000000000000000000000000000000000000000000000
000000000000000000000000000000000000000000000000000000000000000000000000
000000000000000000000000000000000000000000000000000000000000000000000000
001111111111111111111111111111111111111111111111111111111111111111111100
001111111111111111111111111111111111111111111111111111111111111111111100
001111111111111111111111111111111111111111111111111111111111111111111100
001111111111111111111111111111111111111111111111111111111111111111111100
001111111111111111111111111111111111111111111111111111111111111111111100
001111111111111111111111111111111111111111111111111111111111111111111100
001111111111111111111111111111111111111111111111111111111111111111111100
001111111111111111111111111111111111111111111111111111111111111111111100
001111111111111111111111111111111111111111111111111111111111111111111100
001111111111111111111111111111111111111111111111111111111111111111111100
001111111111111111111111111111111111111111111111111111111111111111111100
001111111111111111111111111111111111111111111111111111111111111111111100
001111111111111111111111111111111111111111111111111111111111111111111100
001111111111111111111111111111111111111111111111111111111111111111111100
001111111111111111111111111111111111111111111111111111111111111111111100
001111111111111111111111111111111111111111111111111111111111111111111100
001111111111111111111111111111111111111111111111111111111111111111111100
001111111111111111111111111111111111111111111111111111111111111111111100
001111111111111111111111111111111111111111111111111111111111111111111100
001111111111111111111111111111111111111111111111111111111111111111111100
001111111111111111111111111111111111111111111111111111111111111111111100
001111111111111111111111111111111111111111111111111111111111111111111100
001111111111111111111111111111111111111111111111111111111111111111111100
001111111111111111111111111111111111111111111111111111111111111111111100
001111111111111111111111111111111111111111111111111111111111111111111100
001111111111111111111111111111111111111111111111111111111111111111111100
001111111111111111111111111111111111111111111111111111111111111111111100
001111111111111111111111111111111111111111111111111111111111111111111100
001111111111111111111111111111111111111111111111111111111111111111111100
001111111111111111111111111111111111111111111111111111111111111111111100
001111111111111111111111111111111111111111111111111111111111111111111100
001111111111111111111111111111111111111111111111111111111111111111111100
001111111111111111111111111111111111111111111111111111111111111111111100
001111111111111111111111111111111111111111111111111111111111111111111100
001111111111111111111111111111111111111111111111111111111111111111111100
001111111111111111111111111111111111111111111111111111111111111111111100
001111111111111111111111111111111111111111111111111111111111111111111100
001111111111111111111111111111111111111111111111111111111111111111111100
001111111111111111111111111111111111111111111111111111111111111111111100
001111111111111111111111111111111111111111111111111111111111111111111100
001111111111111111111111111111111111111111111111111111111111111111111100
001111111111111111111111111111111111111111111111111111111111111111111100
001111111111111111111111111111111111111111111111111111111111111111111100
001111111111111111111111111111111111111111111111111111111111111111111100
000000000000000000000000000000000000000000000000000000000000000000000000
000000000000000000000000000000000000000000000000000000000000000000000000